0,1
0.8548815809515486,0.518823170791148
-0.518823170791148,0.8548815809515486
