0,1
0.704416347168632,0.709787017239398
0.709787017239398,-0.704416347168632
